1000	g	0	10	0.000000
1000	p	0	10	0.001479
1000	c	0	10	0.012125
1000	t	0	10	0.017308
1000	g	1	10	0.000000
1000	p	1	10	0.000829
1000	c	1	10	0.003433
1000	t	1	10	0.017701
1000	g	2	10	0.000000
1000	p	2	10	0.001493
1000	c	2	10	0.002727
1000	t	2	10	0.016900
1000	g	3	10	0.000000
1000	p	3	10	0.000805
1000	c	3	10	0.003184
1000	t	3	10	0.016981
1000	g	4	10	0.000000
1000	p	4	10	0.001474
1000	c	4	10	0.002608
1000	t	4	10	0.017591
1000	g	5	10	0.000000
1000	p	5	10	0.000808
1000	c	5	10	0.002771
1000	t	5	10	0.015963
1000	g	6	10	0.000000
1000	p	6	10	0.001256
1000	c	6	10	0.004563
1000	t	6	10	0.017492
1000	g	7	10	0.000000
1000	p	7	10	0.001398
1000	c	7	10	0.004250
1000	t	7	10	0.017555
1000	g	8	10	0.000000
1000	p	8	10	0.001364
1000	c	8	10	0.002610
1000	t	8	10	0.015622
1000	g	9	10	0.000000
1000	p	9	10	0.000802
1000	c	9	10	0.004246
1000	t	9	10	0.017698
