100	g	0	10	0.000000
100	p	0	10	0.000041
100	c	0	10	0.009013
100	t	0	10	0.009518
100	g	1	10	0.000000
100	p	1	10	0.000019
100	c	1	10	0.000438
100	t	1	10	0.009282
100	g	2	10	0.000000
100	p	2	10	0.000012
100	c	2	10	0.000299
100	t	2	10	0.005488
100	g	3	10	0.000000
100	p	3	10	0.000019
100	c	3	10	0.000687
100	t	3	10	0.009518
100	g	4	10	0.000000
100	p	4	10	0.000019
100	c	4	10	0.000248
100	t	4	10	0.009124
100	g	5	10	0.000000
100	p	5	10	0.000005
100	c	5	10	0.000397
100	t	5	10	0.005835
100	g	6	10	0.000000
100	p	6	10	0.000020
100	c	6	10	0.000597
100	t	6	10	0.005516
100	g	7	10	0.000000
100	p	7	10	0.000020
100	c	7	10	0.000516
100	t	7	10	0.005331
100	g	8	10	0.000000
100	p	8	10	0.000017
100	c	8	10	0.000305
100	t	8	10	0.001684
100	g	9	10	0.000000
100	p	9	10	0.000016
100	c	9	10	0.000534
100	t	9	10	0.005429
