10	g	0	9	0.000000
10	p	0	9	0.000001
10	c	0	9	0.001612
10	t	0	9	0.005664
10	g	1	9	0.000000
10	p	1	9	0.000004
10	c	1	9	0.004275
10	t	1	9	0.008402
10	g	2	9	0.000000
10	p	2	9	0.000001
10	c	2	9	0.004472
10	t	2	9	0.010066
10	g	3	9	0.000000
10	p	3	9	0.000002
10	c	3	9	0.000370
10	t	3	9	0.004484
10	g	4	9	0.000000
10	p	4	9	0.000002
10	c	4	9	0.002693
10	t	4	9	0.008283
10	g	5	9	0.000000
10	p	5	9	0.000002
10	c	5	9	0.004089
10	t	5	9	0.008201
10	g	6	9	0.000000
10	p	6	9	0.000001
10	c	6	9	0.004059
10	t	6	9	0.004541
10	g	7	9	0.000000
10	p	7	9	0.000000
10	c	7	9	0.001348
10	t	7	9	0.005434
10	g	8	9	0.000000
10	p	8	9	0.000000
10	c	8	9	0.004486
10	t	8	9	0.010045
