10	g	0	7	0.000000
10	p	0	7	0.000000
10	c	0	7	0.003995
10	t	0	7	0.004035
10	g	1	7	0.000000
10	p	1	7	0.000003
10	c	1	7	0.000080
10	t	1	7	0.003819
10	g	2	7	0.000000
10	p	2	7	0.000000
10	c	2	7	0.000058
10	t	2	7	0.003756
10	g	3	7	0.000000
10	p	3	7	0.000001
10	c	3	7	0.000060
10	t	3	7	0.002532
10	g	4	7	0.000000
10	p	4	7	0.000001
10	c	4	7	0.000112
10	t	4	7	0.004079
10	g	5	7	0.000000
10	p	5	7	0.000000
10	c	5	7	0.000081
10	t	5	7	0.003546
10	g	6	7	0.000000
10	p	6	7	0.000001
10	c	6	7	0.000062
10	t	6	7	0.000166
