10	g	0	8	0.000000
10	p	0	8	0.000003
10	c	0	8	0.007312
10	t	0	8	0.007332
10	g	1	8	0.000000
10	p	1	8	0.000000
10	c	1	8	0.000050
10	t	1	8	0.003239
10	g	2	8	0.000000
10	p	2	8	0.000001
10	c	2	8	0.000047
10	t	2	8	0.000131
10	g	3	8	0.000000
10	p	3	8	0.000001
10	c	3	8	0.000061
10	t	3	8	0.000199
10	g	4	8	0.000000
10	p	4	8	0.000000
10	c	4	8	0.000042
10	t	4	8	0.004984
10	g	5	8	0.000000
10	p	5	8	0.000001
10	c	5	8	0.004143
10	t	5	8	0.007315
10	g	6	8	0.000000
10	p	6	8	0.000001
10	c	6	8	0.000788
10	t	6	8	0.000868
10	g	7	8	0.000000
10	p	7	8	0.000000
10	c	7	8	0.000540
10	t	7	8	0.000671
