10	g	0	10	0.000000
10	p	0	10	0.000001
10	c	0	10	0.007034
10	t	0	10	0.007091
10	g	1	10	0.000000
10	p	1	10	0.000000
10	c	1	10	0.000062
10	t	1	10	0.006531
10	g	2	10	0.000000
10	p	2	10	0.000003
10	c	2	10	0.000055
10	t	2	10	0.006919
10	g	3	10	0.000000
10	p	3	10	0.000003
10	c	3	10	0.000422
10	t	3	10	0.006860
10	g	4	10	0.000000
10	p	4	10	0.000000
10	c	4	10	0.000059
10	t	4	10	0.007045
10	g	5	10	0.000000
10	p	5	10	0.000002
10	c	5	10	0.000563
10	t	5	10	0.006998
10	g	6	10	0.000000
10	p	6	10	0.000001
10	c	6	10	0.000053
10	t	6	10	0.000408
10	g	7	10	0.000000
10	p	7	10	0.000001
10	c	7	10	0.000090
10	t	7	10	0.000224
10	g	8	10	0.000000
10	p	8	10	0.000000
10	c	8	10	0.000118
10	t	8	10	0.007137
10	g	9	10	0.000000
10	p	9	10	0.000000
10	c	9	10	0.000599
10	t	9	10	0.007034
