5000	g	0	10	0.000000
5000	p	0	10	0.022748
5000	c	0	10	0.049194
5000	t	0	10	0.087578
5000	g	1	10	0.000000
5000	p	1	10	0.019720
5000	c	1	10	0.010284
5000	t	1	10	0.087726
5000	g	2	10	0.000000
5000	p	2	10	0.020342
5000	c	2	10	0.008322
5000	t	2	10	0.086647
5000	g	3	10	0.000000
5000	p	3	10	0.036559
5000	c	3	10	0.012384
5000	t	3	10	0.082327
5000	g	4	10	0.000000
5000	p	4	10	0.036050
5000	c	4	10	0.008989
5000	t	4	10	0.087747
5000	g	5	10	0.000000
5000	p	5	10	0.021033
5000	c	5	10	0.008694
5000	t	5	10	0.087672
5000	g	6	10	0.000000
5000	p	6	10	0.036488
5000	c	6	10	0.012197
5000	t	6	10	0.085156
5000	g	7	10	0.000000
5000	p	7	10	0.034377
5000	c	7	10	0.020933
5000	t	7	10	0.087665
5000	g	8	10	0.000000
5000	p	8	10	0.034595
5000	c	8	10	0.009501
5000	t	8	10	0.082250
5000	g	9	10	0.000000
5000	p	9	10	0.035763
5000	c	9	10	0.016022
5000	t	9	10	0.087462
