9882	g	0	10	0.000000
9882	p	0	10	0.146271
9882	c	0	10	0.109913
9882	t	0	10	0.294096
9882	g	1	10	0.000000
9882	p	1	10	0.078946
9882	c	1	10	0.027720
9882	t	1	10	0.294034
9882	g	2	10	0.000000
9882	p	2	10	0.146068
9882	c	2	10	0.027014
9882	t	2	10	0.294095
9882	g	3	10	0.000000
9882	p	3	10	0.140433
9882	c	3	10	0.030672
9882	t	3	10	0.293813
9882	g	4	10	0.000000
9882	p	4	10	0.079410
9882	c	4	10	0.023121
9882	t	4	10	0.294158
9882	g	5	10	0.000000
9882	p	5	10	0.077175
9882	c	5	10	0.027339
9882	t	5	10	0.294156
9882	g	6	10	0.000000
9882	p	6	10	0.075040
9882	c	6	10	0.036763
9882	t	6	10	0.294348
9882	g	7	10	0.000000
9882	p	7	10	0.075190
9882	c	7	10	0.037468
9882	t	7	10	0.294052
9882	g	8	10	0.000000
9882	p	8	10	0.140087
9882	c	8	10	0.025245
9882	t	8	10	0.293984
9882	g	9	10	0.000000
9882	p	9	10	0.073172
9882	c	9	10	0.038490
9882	t	9	10	0.294422
